FT    ID     AT     WT     ST     
12    1      7      0      5
12    2      9      0      3
22    3      9      0      13
22    5      19      0      3
27    6      25      0      2
30    4      12      0      18
30    7      26      0      4
30    8      28      0      2
31    9      29      0      2
32    12      30      0      2
32    11      30      0      2
33    10      29      0      4
33    13      31      0      2
33    14      31      0      2
34    16      32      0      2
35    17      33      0      2
36    15      32      0      4
42    18      40      0      2
51    20      46      0      5
51    21      48      0      3
52    22      50      0      2
56    23      52      0      4
92    19      44      0      48
Orders: 23 [Norms:10, Veg:5, VIP:8]
Cooks: 8 [Norms:3, Veg:3, VIP:2, Injured:2]
Avg Wait = 0, Avg Serve = 5
Urgent Orders: 0,  Auto Promoted: 0%
